12345672121232
12345672123212
12345672321212
12345673131323
12345673132313
12345673231313
12345761111111
12346571111231
12346751113133
12347561112212
12347651111111
12347651122112
12347651133311
12347652111221
12347652123233
12347652123332
12347652223232
12347653111133
12347653132223
12347653132322
12347653332323
12354671111111
12354761112323
12354762121112
12354762121211
12354762311123
12354763131131
12354763133111
12354763211123
12356471113133
12356741133131
12356741313131
12356743113131
12357461111222
12357461113331
12357462211112
12357641113331
12364571112212
12364751112212
12364751113133
12364753311131
12365471111111
12365471211122
12365471313113
12365472223232
12365472321233
12365473232312
12365473332323
12365741113331
12367451123333
12367451132222
12367451213333
12367451312222
12367452113333
12367453112222
12367541112212
12367541113331
12367541331131
12374561121212
12374561211212
12374562111212
12374651111222
12375461111222
12375641113112
12376451111222
12376451113133
12376451221211
12376541112323
12376541232233
12376541322233
12376542121232
12376542123212
12376543133132
12376543133231
12456731132321
12456731233223
12456733223321
12463751231231
12467351131121
12467351231321
12473561132123
12536741112323
12537461332112
12543671111111
12543671211212
12543671331113
12543672121121
12543672321332
12543672322232
12543672331232
12543673111331
12543673221323
12543673231223
12543673233323
12546371221331
12563472131213
12563473131212
12564733323122
12567433232333
12576343212221
12637451132111
12637451332112
12643571321321
12645371131121
12673542331133
12734561112323
12734561322233
12734562313223
12745631111111
12745632111122
12745632212213
12745632222221
12745632232211
12745633131131
12745633313312
12745633313333
12745633323311
12753462231323
12763452322232
12765432121313
12765432222212
12765433121213
12765433331333
13245671321111
13246571111111
13246571112233
13246571113232
13246572321332
13246572331232
13246573221233
13246573321223
13246752133211
13247563212131
13254761322233
13254761323322
13254762321233
13254763323122
13257641112233
13265741112323
13265742131312
13267451122211
13267451311133
13267541111132
13267541232212
13274651112323
13275461112233
13275463213211
13275641112233
13275641112323
13275642131333
13275643212221
13276451113211
13276451233133
13276541133122
13276541213312
13276541321123
13276541322311
13276541323112
13276541323322
13276542323312
13276543323122
13462571111111
13462572213311
13527461211113
13542671231231
13546271213213
13546271231231
13546271321321
13572641122133
13576241312213
13576241321321
13627451332112
13642571221223
13642571223221
13642573221221
13645271221331
13647521111111
13675241112323
13675242331313
13725642332132
13754262123323
13762451321321
13764251211311
13764252323231
13765422121211
14263751131121
14267351321321
14275633323122
14325671111111
14325672112121
14325672231323
14325672323222
14325673123232
14325673232333
14325673311131
14327652131213
14327653121213
14352672212111
14356721112323
14356721322233
14367252322232
14367523311113
14523672121313
14523673121312
14527631121311
14527631131211
14527631133311
14527631211131
14527631311121
14527632122213
14527632212111
14527632333332
14527633132322
14527633312133
14536273311311
14537622231323
14563272323222
14567231312213
14567231321123
14573261333111
14625731111111
14625731131121
14625731322233
14625732112121
14625732113321
14625732213323
14625732233111
14625733133111
14632571111111
14632571321132
14652733321331
14673251111111
14723651111213
14723651111312
14723651112131
14723651113121
14723651211212
14723652322121
14723652331232
14723653232222
14723653313111
14723653321313
14725361111111
14725361111123
14725361322332
14725362211121
14725363211213
14725363213121
14725363223213
14725363311113
14726531223122
14726531232122
14726531233313
14726531333312
14726532232313
14726533323122
14735621221112
14735621223113
14735621223332
14735621233112
14735621323112
14735621332112
14735621333111
14735621333222
14736251111132
14736251112332
14736253222223
14736521132222
14736521133131
14736521211212
14736521213333
14736521221313
14736521321231
14736521322233
14736521332121
14736523112222
14736523113131
14752363222121
14752363232222
14752363233131
14752631111111
14752631112311
14752631323223
14752632332132
14752633213223
14752633222223
14752633223123
14752633223231
14753261221112
14753261323112
14753261333111
14762351221331
14762351321231
14762351331221
14763251221223
14763251222312
14763251332331
14763251333123
14763252322121
14763253132232
14763253133132
14763253133222
14763253133231
14763253221221
14763253222112
14763521113211
14763521113223
14763523222331
14765231111213
14765231111312
14765231112131
14765231113121
14765231133131
14765232211211
14765232232322
14765232331313
14765233113131
14765233323332
15236471111111
15236473231121
15243671331221
15246371331332
15246371332331
15246372331331
15267431223113
15273641112323
15324673113311
15342671211311
15346271321321
15367421211113
15367421223113
15367423211123
15426371111111
15426371112233
15463271313113
15624732123212
15624732133313
15624732333332
15627431223113
15627431322113
15627431332112
15634722123332
15634722321233
15637423211123
15642371111111
15642372213311
15642372231332
15642372331322
15642373212311
15642373221323
15642373231223
15643271221331
15643271331221
15643273223111
15647233213232
15672341113232
15672341323112
15672342323312
15672343213232
15672433312133
15724362212132
15724631111111
15724631211311
15724631322233
15724632123233
15724632313223
15724632323231
15724632323333
15724633132322
15734622331223
15746321111111
15746321323211
15746322313112
15762342122213
15763241111111
15763242323132
16243571132132
16243571231231
16243571321321
16245371231231
16254733312223
16257431132111
16257433223123
16273541122133
16273541321321
16275341312213
16275343122221
16327453232333
16342571331221
16345271111111
16345271133131
16345271222111
16345272322232
16345272333212
16345273122323
16345273233323
16347252131312
16347253121312
16357421223113
16374521112323
16374523211123
16423572112121
16427531211311
16427531231321
16427532333233
16453271111111
16453271211113
16453272111131
16475233132313
16523473332323
16523741112212
16524731112212
16524731112233
16524731113133
16527341111111
16527431123333
16527431222132
16527431312222
16527431333213
16527432113333
16527432211322
16527432231122
16527432231332
16527432331322
16527432333113
16527433312133
16532471111222
16534271111111
16534271111132
16534273211111
16534723211123
16537421111222
16537421113322
16537421113331
16537421223113
16537421233112
16537421332112
16542371221331
16542371331221
16542372112331
16543271221223
16543271223221
16543271331332
16543271332331
16543272331331
16543273221221
16543721111111
16543721113211
16547233332323
16547321113331
16572431111111
16572433213223
16573241123123
16573241312312
16574231113133
16723451122133
16723451322311
16725431121311
16725431131211
16725431211122
16725431211131
16725431311121
16725432211121
16725432232223
16725433113311
16725433122212
16725433333232
16735242122213
16742352232313
16743252323222
16745232121313
16745232122222
16745233121213
16745233333313
16753241221112
17246351111111
17265433111313
17324561211323
17324561232332
17326452212111
17356241212313
17356242211331
17362451211311
17362451231321
17362452213311
17364251231231
17423653213232
17425631122112
17425631223113
17425631313113
17425631322113
17425631322332
17425631323112
17425631323223
17425631332112
17426531112233
17426531121212
17426531132312
17426531213123
17426531223221
17426531232233
17426531313131
17426531331332
17426532121211
17426532331331
17435622211133
17435623211123
17436521323232
17452363213232
17452363322132
17452633213232
17453262211133
17462352213311
17463251122112
17463251221331
17463251313113
17463251321231
17463251323112
17463251331221
17526431131121
17526431231321
17526432123233
17543261111111
17543261132111
17642531111111
17642531112233
17642533312211
17643251122112
21345671111111
21345762223322
21345762312323
21345762313223
21345763332233
21346752313322
21347562312323
21354671122112
21354671131313
21354671221112
21354672311123
21354672311132
21354672313211
21354673131113
21354761112233
21354761112311
21354761113211
21354761113322
21354761122211
21354761133311
21354762213311
21354763312211
21357462311111
21357463213331
21357642221132
21364752311111
21364753212212
21365742221312
21365742312323
21367451311331
21367452112112
21374653333121
21375462312233
21375463333211
21376541111123
21376541112311
21376541122211
21376541131133
21457631321123
21473563331312
21536742222131
21654372231323
21654372233321
21654373332122
21654373332221
21734652123131
23147562123131
23147651112323
23147652312323
23156471222132
23156471333132
23156473323332
23157461231333
23157462131123
23164573213133
23164752131312
23164753333313
23165471111111
23165471311133
23165471312132
23165472111122
23165472111332
23165472132332
23165472311111
23165473233221
23165741112323
23165741231312
23165742123131
23165742131321
23165742131333
23165742312323
23165743331312
23167541233322
23167542131222
23174652123131
23175463211222
23176452132221
23176453332233
23416752121211
23417563232123
23456173212332
23456173233122
23456713212332
23475162121112
23517462131333
23576412233321
23576412312323
23657142121112
23671452122333
23674153232321
23751461132123
23751463112321
23756143222331
23756411222312
23756413222112
23756413223312
23756413322312
24153672321233
24157361313212
24157362323111
24167353132232
24173652323231
24315673311311
24315761122322
24315762213323
24351671212211
24351673111133
24351673311311
24351761111123
24351761212232
24367511323112
24367513111121
24376512222122
24516732233111
24531673123121
24536713231232
24537613231322
24561372111131
24563711121212
24563712121232
24563713121222
24571362221213
24571631121212
24615371112332
24615372213311
24615731122313
24615731132333
24615732111323
24615732213311
24615732233321
24615733113323
24615733311122
24617532233321
24637512311132
24651731113223
24651731333333
24715363311332
24715631111111
24715631122121
24715631122133
24715632313223
24715633112111
24715633131131
24716532323231
24731561111111
24731562311231
24736512222332
24751362221231
24751362321113
24761531221223
24763151111111
24765313222112
25134672233321
25134672312323
25134672313211
25137461111111
25137461211323
25163741112323
25314673111313
25314673111331
25314673131311
25341673113311
25341762313223
25364172311231
25364173223231
25367411211122
25413672323111
25413763121222
25436711311313
25436712123122
25436712123332
25436712132122
25436712323231
25436713232321
25436713332122
25463713212332
25471362323132
25471631312213
25631741212121
25634713321232
25641371213132
25714632123131
25714632223331
25714632313211
25714633121333
25716431212223
25716433223213
25731642232211
25734162221111
25734613113323
25736141111123
25736141233232
25736411133113
25736411231321
25736411321312
25736411331113
25736413123112
25741361232113
25741632222323
25741632312323
25743611233232
25763142223133
25763411332322
26135742132221
26135742213323
26135742332312
26153471122121
26153473131131
26153473132121
26154372332213
26175432331133
26317451212211
26345711223113
26371453112111
26415731322323
26415732121223
26415732233321
26435712222122
26435712233321
26435712311132
26435712322322
26435713311122
26435713333133
26437512122312
26453172211133
26453711333333
26513471122121
26517343333313
26534713333313
26543171111111
26543171123111
26547313131323
26573413331312
26714531212133
26714532121133
26715433231322
26741351232113
26743512121232
27134561131133
27154632311132
27314652313211
27365412321212
27415363131113
27415632323231
27415633321322
27416532133232
27416533321232
27435612122222
27453161123111
27453161132111
27456133132223
27516341111111
27534161111111
27534161111123
27534162311111
27534612311132
27536412332312
27543611111123
27543611111132
27546312231122
27613543333133
27614353311332
27615431312333
27615432113321
27615433313213
27634511131133
27634512233321
27643513311233
31246753312211
31247651113232
31247651323232
31256471231222
31257462222221
31257462312311
31257643311122
31264572122213
31264573132313
31264573222223
31264752132122
31264752313121
31265471111111
31265471122112
31265471122133
31265471312213
31265471313113
31265471321111
31265472233321
31265472312233
31265741233331
31267542222233
31267542313133
31275461112233
31275461322233
31275462133211
31275462223211
31275462311213
31275462312212
31275463311122
31276452133322
31276452313313
31452671323211
31452671332232
31452672322331
31456722111221
31462751111111
31462751113322
31475261322233
31475262331313
31475262333221
31524673332122
31527643332122
31564272212111
31564272213311
31564273113311
31572461122133
31624751112233
31624753312211
31627452221333
31654272313322
31754621331122
31765242322121
32145671111111
32145671123333
32145671132222
32145671221112
32145671333333
32145672113333
32145672212222
32145673112222
32145673311113
32146751232323
32146752232223
32147562313223
32147562333233
32147651123333
32147651132222
32147651213333
32147651312222
32147652113333
32147652231332
32147652233213
32147652331322
32147652332213
32147653112222
32156471111111
32156471113211
32156471232332
32156472312332
32156472332132
32156472332321
32156472333332
32156473223123
32156741112323
32156742311123
32156742313223
32156742333131
32157641232323
32157642231323
32164571111111
32164571111231
32164571232323
32164572232223
32164572232313
32164572233321
32164572312323
32164573323212
32165741111111
32165741111132
32165741233223
32165742211112
32165742331112
32165743311131
32167451111111
32167451213333
32167451222222
32167451312222
32167451333111
32167452211121
32167453222313
32167453313333
32167453321232
32174561112323
32174561232113
32174561232233
32174562231212
32174652312332
32174652332132
32175461111111
32175461113112
32175461221112
32175461333111
32175462233111
32175462312323
32416753121222
32417562113321
32417652132131
32417653132121
32451762331121
32456173212332
32456711233133
32465172112121
32465172132131
32465172133121
32465172332321
32465173123121
32465173132121
32465173133111
32465173233221
32475161232323
32475163331222
32476513232231
32517463131311
32546713323212
32547611121113
32547611131112
32547611213111
32547611312111
32547612111311
32547613111211
32561471113133
32561471121311
32561471122211
32561471131211
32561471211131
32561471311121
32561472133313
32561472213122
32561473222223
32561473323212
32567412122222
32567412131312
32567412222212
32567413131212
32567413133333
32576142313223
32615473332122
32647152133121
32647153132121
32647512333233
32657143121213
32657412111212
32671453123313
32674152113333
32714652332132
32716452123212
32741651121311
32741651131211
32741651211131
32741651311121
32741652111113
32741653111112
32745611223332
32745612313322
32745612322331
32751643321232
32754163211123
32756141233121
32761452121313
32761452122222
32761452222212
32761453121312
32761453133333
32765411112221
32765411121113
32765411131112
32765411133113
32765411331113
32765412221312
32765412323222
32765413122212
32765413223312
32765413231223
32765413322312
34125672131213
34125672131312
34125672221222
34125673133333
34127651121113
34127651131112
34127651213111
34127651312111
34127652111311
34127653111211
34162752132212
34165271112212
34165271121311
34165271131211
34165271211131
34165271311121
34165271311133
34165272323333
34165273133312
34165273222322
34165273311131
34167252213323
34172562132332
34172562313331
34175263321232
34216572213122
34261572132131
34261572133121
34261573123121
34265712212132
34275161312213
34275162112322
34275162213221
34516271111111
34516272312332
34516722313223
34517622231323
34521672223232
34526713232312
34527612211322
34527612231122
34527612231332
34527612331322
34527613312133
34561272122123
34561272122321
34561272212213
34561272213122
34561272232211
34561273221233
34561273233131
34561273311233
34561273313321
34561273321133
34561273321223
34561721111111
34562171321111
34562171321231
34562172232313
34567212223232
34617252111212
34617252123212
34617252132212
34617522221333
34621572132131
34625172111212
34627512232313
34651271123111
34651272332132
34675212222122
34715262221123
34716522223211
34721652121313
34721652131213
34721652221222
34721652222212
34721653333313
34725611212211
34725612111113
34725612121322
34725612231212
34725612231332
34725612322232
34725612331322
34725613111112
34725613111133
34725613132223
34725613311113
34761252323222
35126741232212
35126742231233
35127462331331
35162472122231
35162472123233
35162473122221
35162473323131
35162473332122
35162473332131
35162742213323
35167242132212
35172461232323
35174262213131
35174262231113
35246171111111
35246171113322
35246172213311
35267141223233
35267141321132
35271461322233
35416721113112
35416723232213
35417622223133
35426712131132
35426712311312
35426713111313
35426713131113
35426713312211
35461271111231
35461271321231
35461272222323
35462171131313
35462171212121
35462171221223
35462171332331
35462172213311
35462172223331
35462172312131
35462173123211
35462173131311
35462173221221
35462712322322
35472163222313
35472163231322
35476122221111
35614722321233
35617423131332
35624712121232
35624712321212
35624712321332
35624712331232
35714623111322
35721642221213
35762142222113
36125471111333
36125471212112
36125471213111
36125471222111
36125471312111
36125472111311
36125472121223
36125473111211
36125473232222
36125473323233
36125743222331
36127451333222
36145272122222
36145272131213
36145272131312
36145273333313
36147251121311
36147251131211
36147251211131
36147251311121
36147252111113
36147253111112
36152741231312
36152742131321
36172452133133
36217452131333
36217541223311
36217543213112
36241573212332
36241753212311
36415272123212
36417522123311
36514272212111
36521472113321
36521472331121
36527411131133
36527412111113
36527412131222
36527412211322
36527412221312
36527412231122
36527412322232
36527413111112
36527413311311
36541272323222
36542712121322
36547212121313
36547212122222
36547212131312
36547212221222
36547213331333
36712542121112
36712542121121
36712542121211
36712542122111
36714252232223
36714521232113
36714522121322
36714522122213
36714523132223
36714523132322
36721451131331
36721452121322
36721452122123
36721452122213
36721452122321
36721452131111
36721452223232
36721453113113
36721453121111
36725411121212
36725411131313
36725411212121
36725411313131
36725412111212
36725412121112
36725412121211
36725412121232
36725412123212
36725412321212
36725413111313
36725413131113
36725413131311
36741252122123
36741252122321
36741252122333
36741252123323
36741253233131
36745211211221
36745212121223
36745212122312
36745212122333
36745212123323
36745212131111
36745212223232
36745213121111
36745213131131
36745213133111
36745213232213
36751243222322
36752142122132
36752142123221
36752143132232
36752143133222
36752143211132
36754123232222
37246511112233
37256142321233
37415622333221
37426513132313
37452162323312
37516422333311
37561241311112
37612453122233
37612542221111
37614252221123
37614521111111
37614521323232
37614522111221
37614522113321
37614522313322
37614522323312
37614523232213
37615421113322
37615422211133
37615422223133
37615422313121
37615422313331
37615423121132
37624152311213
37624511232233
37624512121322
37624512231212
37624513131323
37624513231313
37641252222323
37642152213311
37642513122221
37645122312221
37651242211133
37651422312311
37652141113232
37652143231322
37654212311222
41236753232321
41237561313131
41263751312222
41325671212211
41325762313223
41325763131233
41352671212112
41352671212121
41352671222111
41357622313112
41367253111133
41532672313211
41532761233133
41563273113311
41576322212222
41625372313211
41625373121213
41625731222231
41635721212121
41657321222312
41673252212222
41673521111111
41723562313211
41725361232113
41725361321213
41725362221213
41725362313211
41725362313223
41725363121222
41725363121231
41725631111111
41725631211122
41725632322331
41725633111133
41725633121123
41725633211111
41726352313322
41726532312233
41735261323313
41735262312233
41735263123223
41735621233232
41735622313322
41736521233232
41736522332231
41752631222123
41752632311123
41752632312323
41752632313211
41756231321213
41756233121231
41762532221333
41762533123331
41765231233232
41765322221312
41765322313211
41765323122212
42136752131312
42137561123333
42137653122131
42137653132121
42157633231322
42163751121212
42165373223123
42167532131333
42315673112111
42351671212211
42351763231133
42367153111121
42367153211123
42516372233111
42561733323122
42573612323231
42573613322231
42613572313211
42615371313332
42615372213311
42615372221213
42615372313211
42651372213311
42651733311122
42673512232133
42751632321233
42751632323231
43126572133313
43167251232212
43176252123131
43176252311132
43216573132121
43216573132223
43216573212311
43216573212332
43512671313332
43527612312323
43561271111111
43571262122222
43572161111111
43572612312323
43576211123222
43576212112232
43615271333312
43615272113321
43617521223221
43621752213323
43651722323132
43675122222122
43675211221331
43721653231313
43751623123313
43765212222122
45167323322231
45176231131313
45176231133113
45176231331113
45176233131113
45176321131133
45213672221123
45273162222122
45276131131133
45312671222312
45312672223331
45312672233321
45312672313211
45312673132313
45312673222112
45312673231313
45312761113211
45312761133311
45312762221111
45312762311111
45321671212211
45321671221121
45321673113311
45327612222323
45362712122222
45367122223133
45367211111132
45367211211122
45367213111133
45376121131133
45376121331311
45376211333123
45376213131323
45376213333322
45612371133221
45612372331121
45612373112231
45612373132121
45612373132223
45612373322111
45612373332122
45612373332221
45613271331221
45613272233111
45621373123331
45621373211111
45621732212123
45621732233333
45623712332123
45623713322321
45637123132121
45637123332122
45671231132231
45671233112132
45673212212132
45673213211222
45713623223132
45721363321313
45721363322231
45732612233321
45736121122211
46123571111111
46123573232123
46125731333123
46127351131313
46127352131333
46127353131323
46135272133313
46153273131131
46157233333232
46157321331233
46215372121223
46215372313211
46257132211133
46257313312211
46273512122312
46273513221212
46275311123222
46275312112232
46275312132212
46275312232133
46275312313211
46275313121222
46275313312211
46321752111131
46352171211233
46352172113231
46372511221331
46375211211332
46375212113111
46375212132131
46375212132221
46375212332222
46375213112111
46375213123121
46375213333121
46512371331221
46512372113321
46513272332111
46513273113221
46523711331332
46527133111121
46572311223122
46572312132122
46721533123313
47123562232133
47123651233232
47126351233232
47126532133133
47132562311111
47132563222331
47132652233321
47135622132332
47136252133112
47152361233232
47152631322131
47156231332313
47156233211132
47156233223312
47156233233113
47156233322312
47156321111111
47156321133311
47156322132311
47156322313232
47156322332132
47156322332312
47156323223123
47162351322122
47163522131222
47165321232113
47165321322131
47165322132212
47165322133112
47165322232133
47165322313211
47216352131333
47251363131113
47251632131312
47256133212311
47256133321232
47265312122222
47265312131312
47265312313211
47321651311133
47352612123131
47352612311132
47352612313211
47512632312323
47621532232331
47621533231121
47632152233321
47632153212311
47632153232321
47632513212332
47652132231323
47653213211231
47653213232111
51264731113322
51264732213311
51267342312233
51324671211122
51324672212111
51324673113311
51324761111123
51324763113332
51342672212111
51342763312223
51367241211113
51423671221331
51426731111111
51426733312211
51472361131313
51472633331312
51623471321111
51623743313321
51624731312123
51624733323113
51632741323232
51642371122313
51642731113322
51647231113232
51723643131311
51724362122222
51724363121213
51726433123313
51732643121213
51742632323231
51742632323333
52134761232113
52147631121311
52147631131211
52147631211131
52147631311121
52147632111113
52147633111112
52163471112122
52163471213111
52163471312111
52163471333123
52163472111311
52163472131222
52163473111211
52163473111331
52163473221323
52163473323332
52167342121232
52167432121313
52167432122222
52167432131213
52167433133333
52167433331333
52174633223123
52314673311311
52314761322122
52341671111111
52341671122211
52341671311313
52341672211112
52341672232313
52341672323222
52341672323312
52341673133111
52341673232213
52341673232333
52341673323212
52361472121313
52361472131312
52367142211121
52367412322232
52374161112323
52376413222223
52463173212332
52463713212332
52471631223113
52471631323112
52614372313211
52641733212311
52641733232321
52673413232123
52713461232323
52714361232113
52714633213223
52714633223123
52731641233112
52731641323112
52736141322233
52741362313211
52741362313223
52741632122333
52741632123323
52741632212213
52741632212231
52741632232211
52741633221233
52741633313312
52741633313321
52741633321223
52741633323311
52743611111213
52743611111312
52743611112131
52743611113121
52743612131111
52743613121111
52761431111213
52761431111312
52761431112131
52761431113121
52761432131111
52761433121111
52763143222331
52763411222312
52763411333123
52763413222112
52763413223312
52763413322312
53126471231231
53126471231321
53126471321321
53146272123233
53147262123131
53162743312223
53274163211222
53421671321111
53421671321231
53426171112233
53462711113322
53467211321111
53476121323112
53476121323322
53614721212121
53621471331221
53642171111111
53672142221213
53714622233111
53721463223312
53724612121112
53726143333121
53741621323112
53741621332112
53742612323333
53761242121211
53761242221213
53761242321212
53762143222331
53762413322123
54123673233323
54126371331221
54127632131213
54127632222212
54127633131212
54127633133333
54127633333313
54163271133221
54163272233111
54167231121113
54167231131112
54167231221211
54167231333213
54167232112112
54167232133313
54167232333113
54167233232333
54167233331213
54172633132313
54217362233213
54217632132212
54231671123111
54231673123121
54261373123121
54261732231233
54276132233312
54312671131331
54312672212111
54312673311311
54317261113112
54317621111222
54321672212213
54321672212231
54321672232211
54321673313312
54321673313321
54321673323311
54321761211221
54321763113113
54326171111231
54326171112233
54326171321231
54326711112212
54327612223232
54361272223232
54362171113133
54362711111231
54362711323112
54367121112212
54367121113211
54367121113331
54367122211121
54367122311111
54367123311113
54367211132222
54367211213333
54367211222132
54367211333213
54367212211322
54367212231122
54367212233213
54367212332213
54367212333113
54367213112222
54367213312133
54371261113331
54371621113112
54371621113322
54376121322233
54376211111132
54376211111222
54376211113133
54612371112311
54612372222131
54612732112223
54612733322213
54621371133311
54621372211121
54637211132111
54671232221213
54712361323313
54712362223322
54716232222113
54716321112323
54716322313223
54721631111111
54721631122121
54721631311133
54721632133232
54721632212222
54721632212231
54721633231322
54721633313321
54721633333331
54723612131312
54723612221222
54723612222212
54723613121312
54723613333313
54761233322321
54763212322232
56123471222312
56123471223221
56123471331332
56123471333123
56123472322121
56123472331331
56123473133132
56123473133231
56123473222112
56123473223312
56123473322312
56124371111231
56124371232323
56127433332323
56132472333332
56132473211111
56132473213211
56143273332323
56147231222132
56147231333213
56147232233213
56147232332213
56147232333113
56147322333233
56173421113112
56174232323333
56174321232113
56213471111111
56213743313333
56243173133111
56243713121333
56247132333233
56271433111313
56271433123313
56271433132313
56274132331133
56274312313211
56321473233323
56321742211112
56324171221331
56327411211332
56327413213112
56341273121213
56341273131212
56347122333233
56347211213111
56347211222132
56347211312111
56347211331131
56347212111221
56347212111311
56347212123233
56347212232223
56347213111211
56347213131332
56423171231231
56423171231321
56423171321321
56423172112121
56423173132121
56423173133111
56432713122122
56712341232113
56712343211123
56721343123331
56721432312233
56723411113313
56723411121113
56723411131112
56723411222312
56723412122312
56723412323222
56723413221212
56723413222112
56723413331111
56732143122113
56741231121311
56741231131211
56741231211131
56741231311121
56741232111113
56741233111112
56743212122222
56743212221222
56743213121213
56743213121312
56743213331333
57123461111111
57164322131312
57214361323232
57214632212213
57236141113232
57236141322233
57236141323232
57241631322113
57241631323112
57246131112233
57264132111323
57321641311112
57321642311132
57364212213311
57364212313211
57364213332122
57642311113322
61234572231323
61234573232213
61235741313131
61257343232123
61274351313131
61274532231323
61352472233321
61352472313211
61452731311313
61453721111111
61453721311112
61453723111121
61472532123332
61472533112111
61527431111111
61534272311132
61534721112311
61534721113211
61543271111111
61543271112311
61572432312323
61734523222331
62134572321323
62135471122121
62135472132131
62135473122131
62135473123121
62135473131131
62135473132121
62135473232231
62135473322321
62135743222331
62135743312223
62147353123121
62147353132121
62154733321121
62157342132212
62173543232132
62174351122133
62174533311212
62317453112111
62317453312211
62351743112123
62371453311311
62374511322311
62374513112321
62374513312112
62435172211133
62435172311132
62435711222222
62453713311122
62471532232133
62475131322323
62531472321233
62543711211113
62543711311112
62571432321233
62735143223213
63125741112323
63125743131233
63125743133312
63142571111111
63142571132321
63142573112123
63172452312323
63172452313211
63174522332132
63247511123132
63251743133231
63452711311313
63452712333221
63471522123131
63471522323132
63471522332132
63472512123332
63512743313333
63541271212211
63542713121333
63574212123131
63574212313211
63712542221111
63714252123131
63714521112323
63714522332132
63721541233322
63724153121213
63725141112323
63725141233121
63725142123131
63725142223133
63725143122113
63725143123313
63741252222323
63741522123131
63742511232221
63745123122212
63751242221321
63751423122311
63752141111111
63752141122211
63752141123213
63752142332132
63752143123223
63752143212323
63752143223123
63752411223212
63752411333213
63752412312323
63752412322112
63752412333113
63754213122122
64125371131313
64157321133212
64231572311132
64257131113223
64271533221212
64275131212223
64275131312123
64275132211133
64275132232133
64275133231112
64275133312211
64275311112332
64275311222222
64275313312211
64321572111131
64321572132131
64321572311132
64325713121222
64351272132131
64357212313211
64357213231322
64357213312211
64531271212211
64531272132131
64531273122131
64531273123121
64531273311311
64531273312211
64572131122223
64713253112111
65123471112311
65123471233232
65123472312311
65132471212112
65132471222111
65132471231321
65132471323121
65132472131231
65132472212231
65132472233321
65132473111331
65132473313312
65132473323311
65132741223323
65132743222331
65134721233232
65147321232113
65172431132333
65174232123131
65174232133313
65174232323312
65174233323212
65174233331213
65174322313211
65174323223123
65213741111111
65241371111111
65243712121322
65271341332331
65271432231233
65274131111111
65274131311313
65274131312213
65274132123332
65274133132223
65274133232321
65274133312223
65314272311132
65314272313211
65321472111122
65417321232113
65417323223123
65417323232123
65423713321322
65432173232321
65471231132213
65714323223123
65723143321313
65732411333123
65742311212313
67132541133311
67145323133312
67154233323332
67215343333133
67231541323112
67231543323122
67234513332122
67245131313323
67245311112311
67245311133233
67254311131133
67254313311113
67312452233321
67312541121221
67312542221111
67321451111123
67321451112311
67321451212211
67321451311133
67321452111122
67321453113311
67321542232133
67341252222323
67342512222113
67345122223133
67345122232133
67345211111123
67345211111132
67345211112233
67345211113322
67345211211122
67345211311133
67345212111122
67345213111133
67354121111111
67354211212121
67354211313113
67354211333111
67354212111221
67354212212222
67354212311132
67354213111313
67354213131311
67354213211132
67354213313333
67412353132121
67412353332221
67412531131133
67435121332112
67435123123121
67452313321232
71234563231322
71263541333222
71263542323123
71264533131323
71264533221323
71264533231223
71264533231313
71326451211311
71326453132121
71326543333313
71345262132131
71362453113311
71365423331312
71423563213232
71423653213232
71426353312211
71426533333223
71432561232323
71432561323232
71432562111221
71432563232213
71432563323113
71432563323122
71432563332113
71435261322233
71435262222122
71435263211123
71435263311122
71435263333133
71435263333223
71435623333331
71436253333112
71452363213232
71452632222131
71453262222221
71453623311122
71456321322323
71456322111221
71462531113322
71462532111212
71462532121112
71462533111223
71462533221113
71463523331222
71523463131311
71523463231313
71523463331312
71532463221332
71534262122222
71542633132322
71543622111131
71543623111121
71546233331213
71546322231212
71562433123232
71563243221221
71625433213133
71643252231212
71643523331213
72134562312212
72136541322233
72143563222331
72143651121113
72143651131112
72143651213111
72143651312111
72143652111311
72143653111211
72145631233223
72145633232231
72145633312223
72146352232223
72163452122222
72163453121213
72163453131212
72163453133333
72163453331333
72164353131113
72165431113331
72165432111113
72165432111122
72165432211112
72165432323312
72165433111112
72165433121333
72165433221233
72165433233323
72165433321223
72165433331213
72345611111111
72345611133113
72345611221223
72345611222222
72345611331332
72345612122111
72345612331331
72345613221221
72345613333331
72356141112323
72356141232113
72356143211123
72361453232333
72361542333233
72365412222212
72365413121312
72365413131212
72365413331333
72435163333313
72513641232323
72513641233322
72516342313223
72531463321232
72534163211123
72541631111213
72541631111312
72541631112131
72541631113121
72541632131111
72541633121111
72543162311111
72543163211111
72543611221223
72543611223221
72543611331332
72543611332331
72543612331331
72543613132232
72543613133222
72543613221221
72543613223312
72543613322312
72546311323112
72546313323212
72561342313223
72561432213122
72561433221233
72561433311233
72561433321133
72561433321223
72563411111213
72563411111312
72563411112131
72563411113121
72563412131111
72563413121111
72643513212311
72643513212332
73125463133132
73146522113231
73246153312211
73456123231322
73516243323113
73516243332131
73541262321212
73542163321133
73542613132121
73542613132322
73564213321322
73614251112323
73615241112323
73615241113322
73615242223133
73615243123313
73615243213313
73615243331312
73615243332311
73615421113322
73615423213211
73615423333331
73624513121132
73624513332131
73625141112323
73625143121213
73625143333313
73625412222323
73642511111111
73642511113232
73642511113322
73642513223222
73645121113211
73645122222311
73645211223113
73645211231111
73645211321111
73645211332112
73645213112231
73645213333112
73651241113322
73652413211312
73652413331321
73654122111122
73654122221111
73654211111132
74123563323221
74123652322121
74123653132232
74123653133132
74123653133222
74123653133231
74125631313311
74125632121121
74125632122111
74125632131111
74125632321332
74125633121111
74125633131233
74125633132232
74125633133222
74125633133312
74125633332323
74126352333122
74132561321231
74132562121121
74132562122111
74132563131221
74132563132112
74136522322121
74152363132232
74152363133132
74152363133222
74152363133231
74156322122123
74156322122321
74156322313223
74156323132331
74156323133123
74163251121122
74163252112211
74163252131111
74163253121111
74163253131332
74163253133132
74163253133213
74163253133231
74163253332323
74165231121212
74165231131313
74165231212121
74165231313131
74165232111212
74165232121112
74165232121211
74165233111313
74165233131113
74165233131311
74165233131323
74165233132313
74165233231313
74213652323132
74251633111313
74256311321222
74256313111232
74265312333233
74312652333332
74321563311131
74321653233323
74325163131323
74325612221222
74325613121312
74325613131212
74325613133333
74361253112132
74361253211231
74365211121221
74365211213111
74365211312111
74365211313113
74365211333111
74365212111311
74365212222323
74365212333332
74365213111211
74365213121333
74512361322233
74512362313223
74513263121222
74521632222212
74521633121213
74521633121312
74521633133333
74521633333313
74523611121113
74523611131112
74523611213111
74523611312111
74523612111311
74523613111211
74532163123223
74561231111222
74561232111113
74561232221111
74561233111112
74561233131233
74561233233323
74561233311233
74561233321133
74561233321313
74563211232332
74653213133222
75132463233233
75143263231313
75146321323331
75213642223133
75231463211123
75234161322233
75234162221111
75236143213232
75241632222323
75243162211322
75243611113232
75243613213232
75246131333312
75246311111111
75246313212311
75246313312211
75246313332332
75261432123233
75264132121232
75264132223331
75264132321212
75264133121333
75264133331213
75264311223122
75264313231112
75312463333133
75314621133221
75314621313212
75314623113122
75316241231231
75321461311112
75321463132121
75346122133133
75346211133122
75346211211311
75346211311211
75346212323333
75346213112132
75346213132121
75346213132322
75346213332122
75412631223332
75416323232213
75431263133213
75462132123212
75613243131332
75613243133213
75634123323122
75641323232111
75642132213311
76123453233323
76125343333133
76143252131312
76143252221222
76143253131212
76143253331333
76143253333313
76145231121113
76145231122112
76145231131112
76145231221112
76145231311331
76145232123332
76145232233213
76145232331313
76145232332213
76145233133213
76145233232333
76154323333112
76213543213133
76213543311332
76215341231231
76215433333133
76231451123111
76245311121131
76245311131121
76245311213312
76245312132131
76245313122122
76245313123121
76253141123132
76253141211332
76253413322312
76254133311323
76254313211111
76312452212111
76312453211111
76312453311311
76312542321212
76312542322121
76312543322222
76315241112113
76315241113112
76315241223113
76315241322122
76315241323313
76315241332112
76315243211231
76315243323323
76321452122123
76321452122321
76321452122333
76321452123323
76321452212231
76321452213122
76321453233131
76321453311233
76321453313312
76321453321133
76321453323311
76321542211112
76321543211111
76321543311131
76324151112233
76324151112323
76324153323122
76325411111213
76325411111312
76325411112131
76325411113121
76325411122121
76325411331311
76325412112121
76325412231212
76325412333233
76325413222223
76341251111213
76341251111312
76341251112131
76341251113121
76341251221121
76341251311313
76341252232313
76341252323333
76341253221212
76341253233131
76342511111231
76342511111321
76342511323112
76342512232223
76342513213112
76342513322111
76342513323122
76342513323212
76345122211112
76345122211121
76345122213311
76345122311111
76345123211111
76345123311113
76345123311131
76345123312211
76351421112323
76351421113322
76351423321232
76354121121212
76354121122121
76354121311313
76354121313131
76354122111212
76354122112121
76354122212222
76354123211123
76354123211132
76354123313333
76354212213323
76354212312233
76354212313322
76354212333332
76354213222223
76354213312223
76421351131121
76512343213313
76512343332311
76514321112323
76514321232113
76521433232333
76523413223231
76524313331222
76541232131213
76541232221222
76541233121213
76541233331333
76541233333313
76543211111111
76543211212112
76543211223221
76543211332331
76543211333333
76543212132323
76543212222221
76543212323213
76543213113131
